   01  02  03  04  05  06  07  08  09  10  11  12  13  14  
01      40  40  40  40  40  40  40  40  40  40  40  40  40 
02          80  80  80  80  80  80  80  80  80  80  80  80 
03              80  80  80  80  80  80  80  80  80  80  80 
04                  40  40  40  40  40  40  40  40  40  40 
05                      40  40  40  40  40  40  40  40  40 
06                          60  60  60  60  60  60  60  60 
07                              60  60  60  60  60  60  60 
08                                  60  60  60  60  60  60 
09                                      80  80  80  80  80 
10                                          80  80  80  80 
11                                              40  40  40 
12                                                  60  60 
13                                                      20 
14                                                         