   01  02  03  04  05  06  07  08  09  10  11  12  13  14  15  16  17  18  19  20  21  
01      57  57  57  57  57  57  57  57  57  57  57  57  57  57  57  57  57  57  57  57 
02          95  95  95  95  95  95  95  95  95  95  95  95  95  95  95  95  95  95  95 
03             114 114 114 114 114 114 114 114 114 114 114 114 114 114 114 114 114 114 
04                  57  57  57  57  57  57  57  57  57  57  57  57  57  57  57  57  57 
05                      57  57  57  57  57  57  57  57  57  57  57  57  57  57  57  57 
06                          38  38  38  38  38  38  38  38  38  38  38  38  38  38  38 
07                              38  38  38  38  38  38  38  38  38  38  38  38  38  38 
08                                  38  38  38  38  38  38  38  38  38  38  38  38  38 
09                                      38  38  38  38  38  38  38  38  38  38  38  38 
10                                          38  38  38  38  38  38  38  38  38  38  38 
11                                              19  19  19  19  19  19  19  19  19  19 
12                                                  57  57  57  57  57  57  57  57  57 
13                                                       2   2   2   2   2   2   2   2 
14                                                           2   2   2   2   2   2   2 
15                                                               2   2   2   2   2   2 
16                                                                  38  38  38  38  38 
17                                                                      38  38  38  38 
18                                                                          38  38  38 
19                                                                              38  38 
20                                                                                   2 
21                                                                                     