   01  02  03  04  05  06  07  08  09  10  11  12  13  14  
01       1   1   2   2  40   2   2  40   2   2  40   2   2 
02           2   3   3  80   4   4  80   4   4  80   4   3 
03               3   3  80   4   4  80   4   4  80   4   3 
04                   1  20   1   1  20   1   1  40   2   1 
05                      40   2   2  40   2   2  40   2   1 
06                           2   3  60   3   3  60   3   1 
07                               3  60   3   3  60   3   1 
08                                  60   3   3  60   3   1 
09                                       2   3  80   3   1 
10                                           3  80   2   1 
11                                              40   1   1 
12                                                   1   1 
13                                                       1 
14                                                         