8 1 13 13 bpsc #$ #@ -1 0 0 0 0 0 0 0 0 0 0 0 0 @# 
#@ -1 -1 1 1 1 1 1 1 1 1 1 1 1 @# 
#@ -1 -1 -1 3 3 3 3 3 3 3 3 3 3 @#
#@ -1 -1 -1 -1 5 5 5 7 7 7 7 7 7 @#
#@ -1 -1 -1 -1 -1 5 5 -1 -1 -1 5 5 5 @#
#@ -1 -1 -1 -1 -1 -1 1 -1 -1 -1 1 1 1 @#
#@ -1 -1 -1 -1 -1 -1 -1 -1 -1 -1 6 6 6 @#
#@ -1 -1 -1 -1 -1 -1 -1 -1 1 1 1 1 1 @#
#@ -1 -1 -1 -1 -1 -1 -1 -1 -1 6 6 6 6 @#
#@ -1 -1 -1 -1 -1 -1 -1 -1 -1 -1 5 5 5 @#
#@ -1 -1 -1 -1 -1 -1 -1 -1 -1 -1 -1 3 3 @#
#@ -1 -1 -1 -1 -1 -1 -1 -1 -1 -1 -1 -1 1 @#
#@ -1 -1 -1 -1 -1 -1 -1 -1 -1 -1 -1 -1 0 @#
$#
#*[(Z,0) (A,3) (B,4) (C,1)] {<[(D1,2) (D2,1) (D3,2)]> <[(E1,1) (E2,1) (E3,3)]>} [(F,1) (G,3) (H,2)]*#
#*[(Z,0) (A,3) (B,4) (C,1)] {<[(D1,2) (D2,1) (D3,2)]> <[(E1,1) (E2,1) (E3,3)]>} [(F,1) (G,3) (H,2)]*#
