8 1 13 13 jcsc #$ #@ -1 0 0 0 0 0 0 0 0 0 0 0 0 @# 
#@ -1 -1 1 1 1 1 1 1 1 1 1 1 1 @# 
#@ -1 -1 -1 3 3 3 3 3 3 2 2 2 1 @#
#@ -1 -1 -1 -1 5 4 1 7 7 1 4 2 1 @#
#@ -1 -1 -1 -1 -1 5 5 -1 -1 -1 5 3 2 @#
#@ -1 -1 -1 -1 -1 -1 1 -1 -1 -1 1 1 1 @#
#@ -1 -1 -1 -1 -1 -1 -1 -1 -1 -1 6 4 2 @#
#@ -1 -1 -1 -1 -1 -1 -1 -1 1 1 1 1 1 @#
#@ -1 -1 -1 -1 -1 -1 -1 -1 -1 6 6 5 3 @#
#@ -1 -1 -1 -1 -1 -1 -1 -1 -1 -1 5 5 2 @#
#@ -1 -1 -1 -1 -1 -1 -1 -1 -1 -1 -1 3 2 @#
#@ -1 -1 -1 -1 -1 -1 -1 -1 -1 -1 -1 -1 1 @#
#@ -1 -1 -1 -1 -1 -1 -1 -1 -1 -1 -1 -1 0 @#
$#
#*[(Z,0) (A,3) (B,4) (C,1)] {<[(D1,2) (D2,1) (D3,2)]> <[(E1,1) (E2,1) (E3,3)]>} [(F,1) (G,3) (H,2)]*#
#*[(Z,0) (A,3) (B,4) (C,1)] {<[(D1,2) (D2,1) (D3,2)]> <[(E1,1) (E2,1) (E3,3)]>} [(F,1) (G,3) (H,2)]*#
