23 23 simple #$ #@ 1 1 1 1 1 1 1 1 1 1 1 1 1 1 1 1 1 1 1 1 1 1 1 @# 
#@ -1 2 2 2 2 2 2 2 2 2 2 2 2 2 2 2 2 2 2 2 2 2 2 @# 
#@ -1 -1 1 1 1 1 2 2 2 2 2 2 2 2 2 2 2 2 2 2 2 2 2 @# 
#@ -1 -1 -1 1 1 1 2 2 2 2 2 2 2 2 2 2 2 2 2 2 2 2 2 @# 
#@ -1 -1 -1 -1 1 1 2 2 2 2 2 2 2 2 2 2 2 2 2 2 2 2 2 @# 
#@ -1 -1 -1 -1 -1 1 2 2 2 2 2 2 2 2 2 2 2 2 2 2 2 2 2 @# 
#@ -1 -1 -1 -1 -1 -1 2 2 2 2 2 2 2 2 2 2 2 2 2 2 2 2 2 @# 
#@ -1 -1 -1 -1 -1 -1 -1 1 1 1 2 2 2 2 2 2 2 2 2 2 2 2 2 @# 
#@ -1 -1 -1 -1 -1 -1 -1 -1 1 1 2 2 2 2 2 2 2 2 2 2 2 2 2 @# 
#@ -1 -1 -1 -1 -1 -1 -1 -1 -1 1 2 2 2 2 2 2 2 2 2 2 2 2 2 @# 
#@ -1 -1 -1 -1 -1 -1 -1 -1 -1 -1 2 2 2 2 2 2 2 2 2 2 2 2 2 @# 
#@ -1 -1 -1 -1 -1 -1 -1 -1 -1 -1 -1 2 2 2 2 2 2 2 2 2 2 2 2 @# 
#@ -1 -1 -1 -1 -1 -1 -1 -1 -1 -1 -1 -1 2 2 2 2 2 2 2 2 2 2 2 @# 
#@ -1 -1 -1 -1 -1 -1 -1 -1 -1 -1 -1 -1 -1 1 1 2 2 2 2 2 2 2 2 @# 
#@ -1 -1 -1 -1 -1 -1 -1 -1 -1 -1 -1 -1 -1 -1 1 2 2 2 2 2 2 2 2 @# 
#@ -1 -1 -1 -1 -1 -1 -1 -1 -1 -1 -1 -1 -1 -1 -1 2 2 2 2 2 2 2 2 @# 
#@ -1 -1 -1 -1 -1 -1 -1 -1 -1 -1 -1 -1 -1 -1 -1 -1 2 2 2 2 2 2 2 @# 
#@ -1 -1 -1 -1 -1 -1 -1 -1 -1 -1 -1 -1 -1 -1 -1 -1 -1 1 1 2 2 2 2 @# 
#@ -1 -1 -1 -1 -1 -1 -1 -1 -1 -1 -1 -1 -1 -1 -1 -1 -1 -1 1 2 2 2 2 @# 
#@ -1 -1 -1 -1 -1 -1 -1 -1 -1 -1 -1 -1 -1 -1 -1 -1 -1 -1 -1 2 2 2 2 @# 
#@ -1 -1 -1 -1 -1 -1 -1 -1 -1 -1 -1 -1 -1 -1 -1 -1 -1 -1 -1 -1 1 1 1 @# 
#@ -1 -1 -1 -1 -1 -1 -1 -1 -1 -1 -1 -1 -1 -1 -1 -1 -1 -1 -1 -1 -1 1 1 @# 
#@ -1 -1 -1 -1 -1 -1 -1 -1 -1 -1 -1 -1 -1 -1 -1 -1 -1 -1 -1 -1 -1 -1 1 @# 
$# 
#* [(i400018,4) (i40001c,4) (i400020,4) (i400024,4) (i400028,4) (i40002c,4) (i400030,4) (i400034,4) (i400038,4) (i40003c,4) (i400040,4) (i400044,4) (i400048,4) (i40004c,4) (i400050,4) (i400054,4) (i400058,4) (i40005c,4) (i400060,4) (i400064,4) (i400068,4) (i40006c,4) (i400070,4)]*#  
#* [(i400018,4) (i40001c,4) (i400020,4) (i400024,4) (i400028,4) (i40002c,4) (i400030,4) (i400034,4) (i400038,4) (i40003c,4) (i400040,4) (i400044,4) (i400048,4) (i40004c,4) (i400050,4) (i400054,4) (i400058,4) (i40005c,4) (i400060,4) (i400064,4) (i400068,4) (i40006c,4) (i400070,4)]*#  
