   01  02  03  04  05  06  07  08  09  10  11  12  13  14  15  16  17  18  19  20  21  22  23  24  25  
01      57  57  57  57  57  57  57  57  57  57  57  57  57  57  57  57  57  57  57  57  57  57  57  57 
02          95  95  95  95  95  95  95  95  95  95  95  95  95  95  95  95  95  95  95  95  95  95  95 
03             114 114 114 114 114 114 114 114 114 114 114 114 114 114 114 114 114 114 114 114 114 114 
04                  57  57  57  57  57  57  57  57  57  57  57  57  57  57  57  57  57  57  57  57  57 
05                      95  95  95  95  95  95  95  95  95  95  95  95  95  95  95  95  95  95  95  95 
06                         114 114 114 114 114 114 114 114 114 114 114 114 114 114 114 114 114 114 114 
07                              57  57  57  57  57  57  57  57  57  57  57  57  57  57  57  57  57  57 
08                                  95  95  95  95  95  95  95  95  95  95  95  95  95  95  95  95  95 
09                                     114 114 114 114 114 114 114 114 114 114 114 114 114 114 114 114 
10                                          38  38  38  38  38  38  38  38  38  38  38  38  38  38  38 
11                                              38  38  38  38  38  38  38  38  38  38  38  38  38  38 
12                                                  38  38  38  38  38  38  38  38  38  38  38  38  38 
13                                                      38  38  38  38  38  38  38  38  38  38  38  38 
14                                                          38  38  38  38  38  38  38  38  38  38  38 
15                                                              19  19  19  19  19  19  19  19  19  19 
16                                                                  57  57  57  57  57  57  57  57  57 
17                                                                      19  19  19  19  19  19  19  19 
18                                                                          19  19  19  19  19  19  19 
19                                                                              19  19  19  19  19  19 
20                                                                                  38  38  38  38  38 
21                                                                                      38  38  38  38 
22                                                                                          38  38  38 
23                                                                                              38  38 
24                                                                                                  19 
25                                                                                                     