   01  02  03  04  05  06  07  08  09  10  11  12  13  14  15  16  17  18  19  20  21  22  23  24  25  
01       2   2   3   2   2   3   2   2   3  57  57  57  57   1   1   1   1   1   1  19   1   1   2   3 
02           1   4   1   1   4   1   1   3  57  57  57  57   1   1   1   1   1   1  19   1   1   2   5 
03               5   6   1   4   6   1   6 114 114 114 114   1   1   1   1   1   1  19   1   1   2   5 
04                   2   2   3   2   2   3  57  57  57  57   1   1   1   1   1   1  19   1   1   2   3 
05                       1   4   1   1   3  57  57  57  57   1   1   1   1   1   1  19   1   1   2   5 
06                           4   6   1   6 114 114 114 114   1   1   1   1   1   1  19   1   1   2   5 
07                               2   2   3  57  57  57  57   1   1   1   1   1   1  19   1   1   2   2 
08                                   1   3  57  57  57  57   1   1   1   1   1   1  19   1   1   2   5 
09                                       6 114 114 114 114   1   1   1   1   1   1  19   1   1   2   5 
10                                          19  19  19  19   1   1   1   1   1   1  19   1   1   1   1 
11                                              38  38  38   1   1   1   1   1   1  19   1   1   1   1 
12                                                  38  19   1   1   1   1   1   1  19   1   1   1   1 
13                                                      19   1   1   1   1   1   1  19   1   1   1   1 
14                                                           1   1   1   1   1   1  19   1   1   1   1 
15                                                               1   1   1   1   1  19   1   1   1   1 
16                                                                   2   3   3   2  38   1   1   1   1 
17                                                                       2   2   1  19   1   1   1   1 
18                                                                           1   1  19   1   1   1   1 
19                                                                               1  19   1   1   1   1 
20                                                                                  38   1   1   1   1 
21                                                                                       1   1   1   1 
22                                                                                           2   2   2 
23                                                                                               2   2 
24                                                                                                   1 
25                                                                                                     